Flip 1 coin 1000 times with Head (0) or Tails (1):
1 0
2 1
3 1
4 1
5 1
6 1
7 0
8 1
9 0
10 0
11 0
12 0
13 1
14 1
15 1
16 1
17 1
18 0
19 0
20 0
21 0
22 1
23 0
24 0
25 0
26 0
27 1
28 1
29 1
30 0
31 0
32 1
33 0
34 0
35 0
36 1
37 0
38 0
39 0
40 1
41 1
42 1
43 0
44 1
45 1
46 1
47 0
48 0
49 1
50 1
51 1
52 1
53 1
54 1
55 0
56 0
57 0
58 1
59 1
60 0
61 0
62 1
63 0
64 1
65 1
66 0
67 0
68 0
69 1
70 1
71 0
72 1
73 0
74 1
75 1
76 0
77 1
78 1
79 0
80 0
81 0
82 1
83 1
84 1
85 0
86 1
87 0
88 0
89 0
90 1
91 1
92 1
93 0
94 0
95 1
96 1
97 1
98 0
99 1
100 0
Total Heads 48
Total Tails 52
